,[0],"[0, 1]","[0, 2]","[0, 3]","[0, 4]","[0, 5]","[0, 6]","[0, 1, 2]","[0, 1, 3]","[0, 1, 4]","[0, 1, 5]","[0, 1, 6]","[0, 2, 3]","[0, 2, 4]","[0, 2, 5]","[0, 2, 6]","[0, 2, 7]","[0, 3, 4]","[0, 3, 5]","[0, 3, 6]","[0, 3, 7]","[0, 4, 5]","[0, 4, 6]","[0, 4, 7]","[0, 4, 8]","[0, 5, 6]"
Op. 1,3.521012493915301,14.44101898426091,6.182054194385851,5.743955865649846,6.230731786467629,1.3791984423170534,1.1033587538536427,8.518578614311211,5.889988641895181,6.441668018822003,4.332305695278273,1.7199415868895018,5.208502352750284,5.581697225377251,0.7950673373357132,2.2391692357618043,0.8275190653902321,3.8779815025150093,1.2493915300989777,0.8437449294174915,4.218724647087457,3.050462437124777,2.628589972416031,0.48677592081778354,2.2391692357618043,1.2493915300989777
Op. 10 i,0.0,10.0,0.0,5.0,0.0,0.0,5.0,25.0,0.0,10.0,5.0,0.0,10.0,5.0,0.0,10.0,0.0,5.0,0.0,0.0,0.0,5.0,5.0,0.0,0.0,0.0
Op. 10 ii,0.0,3.6363636363636362,3.6363636363636362,0.0,1.8181818181818181,0.0,0.0,10.909090909090908,3.6363636363636362,12.727272727272727,7.2727272727272725,5.454545454545454,10.909090909090908,1.8181818181818181,3.6363636363636362,3.6363636363636362,0.0,7.2727272727272725,0.0,5.454545454545454,7.2727272727272725,3.6363636363636362,0.0,0.0,1.8181818181818181,5.454545454545454
Op. 10 iii,74.27184466019418,16.990291262135923,0.48543689320388345,0.9708737864077669,0.48543689320388345,0.0,0.0,0.9708737864077669,0.0,0.9708737864077669,0.9708737864077669,0.48543689320388345,0.0,0.0,0.0,0.0,0.48543689320388345,1.4563106796116505,0.48543689320388345,0.0,0.0,0.0,0.48543689320388345,0.0,0.0,0.48543689320388345
Op. 10 iv,55.00000000000001,5.0,0.0,0.0,0.0,0.0,0.0,5.0,5.0,5.0,0.0,0.0,0.0,0.0,0.0,0.0,0.0,0.0,0.0,0.0,0.0,5.0,10.0,0.0,0.0,10.0
Op. 10 v,13.20754716981132,16.9811320754717,13.20754716981132,0.0,3.7735849056603774,1.8867924528301887,0.0,7.547169811320755,3.7735849056603774,3.7735849056603774,3.7735849056603774,0.0,5.660377358490567,0.0,3.7735849056603774,3.7735849056603774,0.0,3.7735849056603774,1.8867924528301887,0.0,0.0,1.8867924528301887,0.0,1.8867924528301887,0.0,9.433962264150944
Op. 11 i,0.0,0.0,0.0,0.0,8.333333333333332,4.166666666666666,4.166666666666666,4.166666666666666,12.5,12.5,8.333333333333332,4.166666666666666,0.0,0.0,0.0,4.166666666666666,4.166666666666666,8.333333333333332,0.0,4.166666666666666,4.166666666666666,4.166666666666666,0.0,0.0,4.166666666666666,8.333333333333332
Op. 11 ii,0.0,0.0,0.0,0.0,0.0,0.0,0.0,9.090909090909092,9.090909090909092,0.0,9.090909090909092,0.0,18.181818181818183,9.090909090909092,0.0,9.090909090909092,0.0,9.090909090909092,0.0,0.0,0.0,18.181818181818183,9.090909090909092,0.0,0.0,0.0
Op. 11 iii,0.0,0.0,0.0,0.0,0.0,0.0,0.0,100.0,0.0,0.0,0.0,0.0,0.0,0.0,0.0,0.0,0.0,0.0,0.0,0.0,0.0,0.0,0.0,0.0,0.0,0.0
Op. 12 i,0.0,0.0,8.75,6.25,8.75,1.25,3.75,3.75,10.0,2.5,6.25,2.5,2.5,2.5,3.75,6.25,3.75,2.5,2.5,2.5,1.25,2.5,7.5,1.25,3.75,3.75
Op. 12 ii,0.0,5.597014925373134,1.8656716417910446,1.1194029850746268,0.7462686567164178,0.3731343283582089,0.7462686567164178,15.671641791044777,7.835820895522389,7.835820895522389,4.850746268656716,8.582089552238806,4.104477611940299,2.6119402985074625,2.2388059701492535,2.9850746268656714,1.1194029850746268,5.597014925373134,1.1194029850746268,4.850746268656716,0.7462686567164178,3.3582089552238807,3.731343283582089,3.731343283582089,1.1194029850746268,7.462686567164178
Op. 12 iii,0.0,4.787234042553192,0.5319148936170213,0.0,1.0638297872340425,0.0,0.5319148936170213,11.170212765957446,4.787234042553192,7.9787234042553195,7.446808510638298,7.9787234042553195,6.914893617021277,3.1914893617021276,2.6595744680851063,5.851063829787234,2.127659574468085,6.382978723404255,1.5957446808510638,4.25531914893617,4.25531914893617,6.914893617021277,2.6595744680851063,2.127659574468085,0.5319148936170213,4.25531914893617
Op. 12 iv,0.0,3.7383177570093453,0.0,0.0,0.9345794392523363,0.9345794392523363,1.8691588785046727,15.887850467289718,5.607476635514018,8.411214953271028,4.672897196261682,5.607476635514018,5.607476635514018,2.803738317757009,1.8691588785046727,3.7383177570093453,0.0,9.345794392523365,0.9345794392523363,2.803738317757009,1.8691588785046727,6.5420560747663545,2.803738317757009,1.8691588785046727,1.8691588785046727,10.2803738317757
Op. 13 i,2.5974025974025974,13.96103896103896,4.545454545454546,2.5974025974025974,1.2987012987012987,0.0,0.0,11.688311688311687,3.571428571428571,7.142857142857142,6.493506493506493,6.8181818181818175,4.870129870129871,2.5974025974025974,2.272727272727273,1.948051948051948,0.3246753246753247,5.844155844155844,0.3246753246753247,1.6233766233766231,0.974025974025974,5.51948051948052,2.922077922077922,1.2987012987012987,1.2987012987012987,7.467532467532467
Op. 13 ii,0.0,11.320754716981133,0.0,4.716981132075472,1.8867924528301887,1.8867924528301887,0.9433962264150944,13.20754716981132,8.49056603773585,6.60377358490566,3.7735849056603774,3.7735849056603774,9.433962264150944,1.8867924528301887,3.7735849056603774,3.7735849056603774,1.8867924528301887,6.60377358490566,0.0,2.8301886792452833,0.0,1.8867924528301887,4.716981132075472,0.0,0.9433962264150944,5.660377358490567
Op. 13 iii,7.936507936507936,24.761904761904763,0.0,4.444444444444445,3.492063492063492,2.2222222222222223,0.9523809523809524,13.333333333333334,4.761904761904762,4.444444444444445,4.761904761904762,6.349206349206349,3.1746031746031744,1.5873015873015872,0.31746031746031744,1.5873015873015872,0.31746031746031744,4.761904761904762,1.2698412698412698,0.0,0.31746031746031744,3.1746031746031744,0.9523809523809524,0.0,0.6349206349206349,4.444444444444445
Op. 13 iv,0.0,7.480314960629922,0.7874015748031495,2.3622047244094486,1.968503937007874,0.7874015748031495,1.574803149606299,9.84251968503937,9.84251968503937,11.811023622047244,3.543307086614173,3.543307086614173,5.905511811023622,3.543307086614173,1.1811023622047243,2.3622047244094486,1.574803149606299,7.874015748031496,3.149606299212598,1.968503937007874,3.149606299212598,4.724409448818897,3.149606299212598,0.7874015748031495,0.39370078740157477,6.692913385826772
Op. 14 i,0.6211180124223602,7.763975155279502,1.5527950310559007,0.3105590062111801,1.2422360248447204,2.1739130434782608,0.6211180124223602,9.937888198757763,8.074534161490684,10.248447204968944,5.590062111801243,7.453416149068323,5.279503105590062,1.2422360248447204,1.5527950310559007,2.484472049689441,0.3105590062111801,8.385093167701864,1.2422360248447204,2.7950310559006213,0.6211180124223602,8.074534161490684,1.2422360248447204,1.8633540372670807,0.3105590062111801,9.006211180124224
Op. 14 ii,5.378973105134474,12.224938875305623,1.7114914425427872,1.9559902200488997,3.1784841075794623,2.444987775061125,0.4889975550122249,8.557457212713937,4.645476772616137,9.290953545232274,7.823960880195599,5.623471882640587,3.1784841075794623,0.9779951100244498,0.7334963325183375,0.4889975550122249,0.7334963325183375,9.04645476772616,0.24449877750611246,2.444987775061125,1.466992665036675,6.601466992665037,1.466992665036675,1.7114914425427872,1.2224938875305624,6.356968215158925
Op. 14 iii,5.109489051094891,9.124087591240876,1.824817518248175,0.7299270072992701,1.824817518248175,2.18978102189781,0.7299270072992701,13.138686131386862,4.37956204379562,11.313868613138686,8.02919708029197,8.75912408759124,3.2846715328467155,1.094890510948905,0.0,0.36496350364963503,1.094890510948905,6.934306569343065,1.824817518248175,2.5547445255474455,0.7299270072992701,5.839416058394161,1.824817518248175,1.4598540145985401,0.7299270072992701,5.109489051094891
Op. 14 iv,0.0,9.591836734693878,0.8163265306122449,0.8163265306122449,0.8163265306122449,0.40816326530612246,0.20408163265306123,28.775510204081634,4.285714285714286,9.591836734693878,5.3061224489795915,7.551020408163265,5.918367346938775,1.4285714285714286,1.0204081632653061,1.6326530612244898,0.6122448979591837,5.3061224489795915,0.6122448979591837,1.2244897959183674,1.0204081632653061,3.6734693877551026,1.6326530612244898,1.0204081632653061,0.20408163265306123,6.530612244897959
Op. 14 v,2.4154589371980677,7.729468599033816,0.966183574879227,1.932367149758454,2.4154589371980677,1.932367149758454,0.0,14.009661835748794,4.3478260869565215,10.628019323671497,7.729468599033816,4.830917874396135,3.3816425120772946,1.4492753623188406,2.4154589371980677,3.3816425120772946,0.4830917874396135,9.178743961352657,0.966183574879227,3.3816425120772946,0.4830917874396135,6.280193236714976,0.4830917874396135,0.0,1.932367149758454,7.246376811594203
Op. 14 vi,3.375527426160337,13.080168776371309,0.42194092827004215,1.6877637130801686,1.6877637130801686,1.6877637130801686,1.6877637130801686,15.611814345991561,3.79746835443038,11.39240506329114,5.485232067510549,5.063291139240507,5.485232067510549,0.42194092827004215,0.0,0.8438818565400843,1.6877637130801686,8.438818565400844,0.42194092827004215,0.0,0.8438818565400843,6.751054852320674,1.2658227848101267,2.109704641350211,0.8438818565400843,5.9071729957805905
Op. 15 i,12.0,14.461538461538462,5.230769230769231,2.769230769230769,4.3076923076923075,1.8461538461538463,1.5384615384615385,11.692307692307692,3.076923076923077,8.0,4.615384615384616,4.3076923076923075,4.0,0.9230769230769231,0.9230769230769231,2.1538461538461537,0.3076923076923077,5.538461538461538,0.0,1.2307692307692308,0.9230769230769231,3.3846153846153846,2.1538461538461537,1.2307692307692308,0.9230769230769231,2.4615384615384617
Op. 15 ii,0.0,6.302521008403361,0.42016806722689076,1.680672268907563,0.42016806722689076,0.42016806722689076,0.8403361344537815,15.126050420168067,7.9831932773109235,10.92436974789916,5.46218487394958,5.46218487394958,5.46218487394958,0.8403361344537815,0.42016806722689076,0.0,0.42016806722689076,14.285714285714285,0.8403361344537815,1.680672268907563,0.42016806722689076,6.722689075630252,2.100840336134454,2.5210084033613445,1.2605042016806722,7.9831932773109235
Op. 15 iii,4.232804232804233,7.936507936507936,1.5873015873015872,5.291005291005291,0.5291005291005291,0.5291005291005291,0.5291005291005291,12.16931216931217,4.232804232804233,11.11111111111111,7.4074074074074066,5.291005291005291,7.936507936507936,1.0582010582010581,1.0582010582010581,2.6455026455026456,1.5873015873015872,9.523809523809524,1.5873015873015872,1.5873015873015872,0.5291005291005291,1.5873015873015872,3.1746031746031744,0.5291005291005291,0.5291005291005291,5.82010582010582
Op. 15 iv,0.0,0.8,0.8,1.6,1.6,0.0,0.0,12.0,8.799999999999999,10.4,7.199999999999999,4.8,6.4,1.6,2.4,0.8,0.8,12.8,3.2,4.8,1.6,8.0,0.8,0.0,0.8,8.0
Op. 15 v,5.063291139240507,9.70464135021097,2.9535864978902953,1.2658227848101267,2.9535864978902953,0.42194092827004215,0.42194092827004215,14.345991561181433,6.329113924050633,6.751054852320674,2.109704641350211,5.485232067510549,4.641350210970464,5.063291139240507,1.6877637130801686,4.219409282700422,2.9535864978902953,6.751054852320674,1.6877637130801686,1.6877637130801686,0.42194092827004215,2.9535864978902953,4.219409282700422,0.42194092827004215,0.42194092827004215,5.063291139240507
Op. 16 i,0.0,8.75912408759124,0.0,0.0,0.0,0.0,0.0,12.408759124087592,7.2992700729927,12.408759124087592,10.218978102189782,6.569343065693431,5.109489051094891,2.18978102189781,1.4598540145985401,1.4598540145985401,0.0,13.86861313868613,0.7299270072992701,0.0,0.0,7.2992700729927,2.18978102189781,0.0,3.64963503649635,4.37956204379562
Op. 16 ii,0.0,2.380952380952381,0.0,0.0,0.0,0.0,0.0,11.904761904761903,7.142857142857142,14.285714285714285,10.714285714285714,1.1904761904761905,7.142857142857142,2.380952380952381,2.380952380952381,2.380952380952381,0.0,14.285714285714285,2.380952380952381,2.380952380952381,2.380952380952381,10.714285714285714,2.380952380952381,2.380952380952381,0.0,1.1904761904761905
Op. 16 iii,0.0,0.0,0.0,0.0,0.0,0.0,0.0,16.161616161616163,8.080808080808081,12.121212121212121,3.0303030303030303,6.0606060606060606,5.05050505050505,0.0,0.0,3.0303030303030303,0.0,13.131313131313133,3.0303030303030303,9.090909090909092,0.0,6.0606060606060606,0.0,3.0303030303030303,0.0,12.121212121212121
Op. 16 iv,0.0,0.0,0.0,0.0,0.0,0.0,0.0,12.987012987012985,7.792207792207792,15.584415584415584,5.194805194805195,2.5974025974025974,10.38961038961039,2.5974025974025974,0.0,0.0,0.0,14.285714285714285,5.194805194805195,0.0,0.0,7.792207792207792,2.5974025974025974,2.5974025974025974,0.0,10.38961038961039
Op. 16 v,0.0,2.0689655172413794,0.0,0.0,0.0,2.0689655172413794,0.0,18.620689655172416,8.275862068965518,8.275862068965518,4.137931034482759,13.793103448275861,10.344827586206897,0.6896551724137931,0.0,1.3793103448275863,0.0,7.586206896551724,0.0,4.137931034482759,1.3793103448275863,5.517241379310345,0.6896551724137931,0.6896551724137931,0.0,10.344827586206897
Op. 17 i,10.882352941176471,30.0,2.0588235294117645,2.6470588235294117,6.470588235294119,7.0588235294117645,4.117647058823529,7.647058823529412,1.7647058823529411,5.294117647058823,3.5294117647058822,1.4705882352941175,3.2352941176470593,0.0,0.0,0.5882352941176471,0.29411764705882354,5.294117647058823,0.0,0.29411764705882354,0.5882352941176471,2.6470588235294117,0.0,0.29411764705882354,0.5882352941176471,3.2352941176470593
Op. 17 ii,13.445378151260504,5.46218487394958,0.0,4.201680672268908,0.42016806722689076,0.42016806722689076,0.0,8.403361344537815,5.46218487394958,8.823529411764707,5.042016806722689,8.823529411764707,7.142857142857142,0.42016806722689076,1.2605042016806722,0.0,0.42016806722689076,5.042016806722689,2.5210084033613445,4.621848739495799,0.8403361344537815,4.621848739495799,1.2605042016806722,0.8403361344537815,0.42016806722689076,10.084033613445378
Op. 17 iii,15.833333333333332,17.916666666666668,1.25,5.833333333333333,6.25,2.083333333333333,1.6666666666666667,12.083333333333334,1.6666666666666667,7.916666666666666,2.5,5.833333333333333,1.6666666666666667,0.0,0.0,0.4166666666666667,0.0,9.583333333333334,0.0,0.8333333333333334,0.0,2.9166666666666665,0.4166666666666667,0.4166666666666667,0.0,2.9166666666666665
Op. 18 i,1.6286644951140066,5.211726384364821,3.257328990228013,1.6286644951140066,3.257328990228013,2.2801302931596092,0.32573289902280134,5.537459283387622,6.514657980456026,6.514657980456026,4.88599348534202,4.88599348534202,5.537459283387622,5.211726384364821,2.6058631921824107,3.257328990228013,2.2801302931596092,10.423452768729643,2.9315960912052117,2.6058631921824107,4.234527687296417,4.88599348534202,1.9543973941368076,3.257328990228013,1.6286644951140066,3.257328990228013
Op. 18 ii,0.45558086560364464,4.100227790432802,2.050113895216401,1.8223234624145785,1.5945330296127564,3.8724373576309796,0.683371298405467,7.744874715261959,4.783599088838269,8.428246013667426,5.239179954441914,5.922551252847381,4.783599088838269,3.644646924829157,4.100227790432802,2.5056947608200453,3.644646924829157,5.239179954441914,3.644646924829157,2.733485193621868,1.8223234624145785,6.378132118451026,3.644646924829157,2.9612756264236904,0.683371298405467,7.517084282460136
Op. 18 iii,3.1578947368421053,10.73684210526316,1.6842105263157894,3.7894736842105265,5.473684210526316,0.631578947368421,0.631578947368421,8.631578947368421,2.526315789473684,12.842105263157894,3.578947368421052,3.578947368421052,3.3684210526315788,3.3684210526315788,1.0526315789473684,1.263157894736842,0.21052631578947367,13.473684210526315,2.526315789473684,0.631578947368421,3.1578947368421053,2.736842105263158,1.4736842105263157,2.3157894736842106,3.3684210526315788,3.7894736842105265
Op. 19 i,10.304449648711945,12.295081967213115,5.269320843091335,9.367681498829041,9.484777517564403,6.0889929742388755,3.51288056206089,2.810304449648712,2.576112412177986,3.0444964871194378,3.278688524590164,2.107728337236534,4.098360655737705,1.756440281030445,2.107728337236534,1.1709601873536302,1.639344262295082,3.51288056206089,1.5222482435597189,3.0444964871194378,1.288056206088993,2.3419203747072603,2.224824355971897,2.107728337236534,0.936768149882904,2.107728337236534
Op. 19 ii,15.35982814178303,13.64124597207304,6.7669172932330826,8.700322234156822,10.204081632653061,5.155746509129968,4.081632653061225,2.685284640171858,1.1815252416756177,2.577873254564984,2.7926960257787328,1.3963480128893664,3.4371643394199785,1.8259935553168638,1.933404940923738,1.3963480128893664,1.1815252416756177,3.22234156820623,1.7185821697099892,1.8259935553168638,0.8592910848549946,1.933404940923738,2.0408163265306123,1.0741138560687433,0.644468313641246,2.3630504833512354
Op. 2,2.5878003696857674,11.275415896487985,8.133086876155268,4.251386321626617,1.8484288354898337,1.1090573012939002,1.1090573012939002,13.123844731977819,12.014787430683919,6.469500924214418,6.654343807763401,2.4029574861367835,6.839186691312385,4.805914972273567,1.2939001848428837,1.6635859519408502,3.1423290203327174,2.033271719038817,3.3271719038817005,0.7393715341959335,0.36968576709796674,3.8817005545286505,0.18484288354898337,0.5545286506469501,0.18484288354898337,0.0
Op. 20 i,0.5859375,22.4609375,1.5625,2.9296875,6.25,5.078125,1.3671875,12.6953125,2.734375,4.8828125,7.421875,4.4921875,4.1015625,0.1953125,0.1953125,0.5859375,0.0,8.203125,1.171875,0.1953125,0.9765625,5.6640625,0.9765625,0.9765625,0.5859375,3.7109375
Op. 20 ii,2.768903088391906,10.86261980830671,1.5974440894568689,0.42598509052183176,1.0649627263045793,1.2779552715654952,1.0649627263045793,11.821086261980831,3.407880724174654,8.945686900958465,8.30670926517572,9.052183173588926,3.62087326943557,0.5324813631522897,1.0649627263045793,1.5974440894568689,0.5324813631522897,10.33013844515442,0.9584664536741214,1.1714589989350372,0.8519701810436635,7.348242811501597,1.1714589989350372,1.2779552715654952,0.0,8.945686900958465
Op. 21 i,0.0,8.75,0.0,5.0,0.0,0.0,0.0,20.0,8.75,13.750000000000002,0.0,7.5,12.5,0.0,0.0,0.0,0.0,13.750000000000002,0.0,0.0,0.0,1.25,0.0,0.0,0.0,8.75
Op. 21 ii,62.34234234234234,8.468468468468467,0.36036036036036034,3.2432432432432434,1.6216216216216217,0.9009009009009009,0.36036036036036034,2.8828828828828827,1.8018018018018018,3.6036036036036037,1.0810810810810811,2.5225225225225225,1.2612612612612613,0.18018018018018017,0.36036036036036034,0.18018018018018017,0.0,4.504504504504505,0.36036036036036034,0.18018018018018017,0.18018018018018017,0.5405405405405406,0.18018018018018017,0.18018018018018017,0.0,2.7027027027027026
Op. 22 i,0.0,4.968944099378882,0.0,0.0,0.0,0.0,2.484472049689441,22.36024844720497,2.484472049689441,16.149068322981368,2.484472049689441,14.906832298136646,2.484472049689441,0.0,0.0,1.2422360248447204,0.0,15.527950310559005,0.0,0.0,0.0,2.484472049689441,1.2422360248447204,0.6211180124223602,0.6211180124223602,9.937888198757763
Op. 22 ii,0.36363636363636365,4.363636363636364,0.0,1.8181818181818181,1.4545454545454546,1.8181818181818181,0.36363636363636365,14.181818181818182,10.909090909090908,9.454545454545455,2.909090909090909,6.909090909090909,12.727272727272727,1.090909090909091,0.7272727272727273,2.909090909090909,1.4545454545454546,9.090909090909092,0.0,1.4545454545454546,0.7272727272727273,5.454545454545454,3.272727272727273,0.36363636363636365,0.0,6.181818181818182
Op. 23 i,0.4434589800443459,1.5521064301552108,1.1086474501108647,2.882483370288248,3.1042128603104215,1.3303769401330376,0.4434589800443459,4.878048780487805,6.651884700665188,10.643015521064301,7.5388026607538805,2.882483370288248,4.434589800443459,3.1042128603104215,3.1042128603104215,4.212860310421286,0.8869179600886918,10.643015521064301,2.4390243902439024,5.321507760532151,3.1042128603104215,5.986696230598669,3.5476718403547673,2.4390243902439024,4.434589800443459,2.882483370288248
Op. 23 ii,0.0,0.966183574879227,0.966183574879227,2.898550724637681,2.4154589371980677,2.4154589371980677,0.4830917874396135,4.3478260869565215,7.246376811594203,11.11111111111111,6.280193236714976,1.932367149758454,5.797101449275362,3.3816425120772946,2.4154589371980677,1.932367149758454,2.4154589371980677,13.043478260869565,5.797101449275362,4.830917874396135,4.830917874396135,4.3478260869565215,2.898550724637681,1.932367149758454,4.3478260869565215,0.966183574879227
Op. 23 iii,0.0,0.7194244604316548,1.1990407673860912,1.1990407673860912,2.3980815347721824,0.2398081534772182,0.0,3.357314148681055,5.755395683453238,11.270983213429256,6.71462829736211,3.8369304556354913,4.796163069544365,2.877697841726619,1.9184652278177456,5.755395683453238,1.9184652278177456,11.031175059952037,2.6378896882494005,5.275779376498801,2.3980815347721824,7.673860911270983,5.0359712230215825,2.877697841726619,5.995203836930456,3.117505995203837
Op. 24 i,0.0,0.45662100456621,0.45662100456621,0.0,0.0,0.0,0.45662100456621,5.0228310502283104,1.36986301369863,25.11415525114155,6.8493150684931505,1.36986301369863,1.82648401826484,4.5662100456621,0.0,4.5662100456621,0.0,22.37442922374429,0.45662100456621,0.0,2.73972602739726,6.8493150684931505,4.10958904109589,3.1963470319634704,6.392694063926941,1.82648401826484
Op. 24 ii,0.0,0.0,0.0,0.0,4.545454545454546,0.0,0.0,0.0,4.545454545454546,11.363636363636363,11.363636363636363,0.0,9.090909090909092,11.363636363636363,2.272727272727273,2.272727272727273,0.0,6.8181818181818175,0.0,2.272727272727273,0.0,4.545454545454546,0.0,0.0,27.27272727272727,2.272727272727273
Op. 24 iii,0.0,0.0,0.0,0.0,0.0,0.0,0.0,6.097560975609756,1.2195121951219512,19.51219512195122,6.097560975609756,4.878048780487805,1.2195121951219512,2.4390243902439024,0.0,9.75609756097561,0.0,26.82926829268293,0.0,0.0,0.0,3.6585365853658534,9.75609756097561,0.0,4.878048780487805,3.6585365853658534
Op. 25 i,0.0,3.4782608695652173,0.0,2.608695652173913,0.0,0.8695652173913043,0.0,12.173913043478262,10.434782608695652,18.26086956521739,3.4782608695652173,1.7391304347826086,6.956521739130435,0.8695652173913043,3.4782608695652173,1.7391304347826086,0.8695652173913043,18.26086956521739,0.0,6.956521739130435,1.7391304347826086,4.3478260869565215,0.0,0.8695652173913043,0.0,0.8695652173913043
Op. 25 ii,0.0,7.333333333333333,1.3333333333333335,4.666666666666667,2.0,1.3333333333333335,0.6666666666666667,8.0,6.0,12.666666666666668,2.666666666666667,0.0,9.333333333333334,2.666666666666667,5.333333333333334,1.3333333333333335,0.0,9.333333333333334,4.666666666666667,8.0,2.0,6.0,2.666666666666667,0.6666666666666667,0.6666666666666667,0.6666666666666667
Op. 25 iii,0.0,5.454545454545454,0.0,1.8181818181818181,0.0,0.0,0.0,18.181818181818183,9.090909090909092,14.545454545454545,7.2727272727272725,3.6363636363636362,7.2727272727272725,0.0,0.0,0.0,0.0,12.727272727272727,7.2727272727272725,7.2727272727272725,1.8181818181818181,0.0,0.0,3.6363636363636362,0.0,0.0
Op. 26,0.7246376811594203,7.729468599033816,0.7246376811594203,3.140096618357488,3.864734299516908,0.0,0.0,8.212560386473431,12.318840579710146,16.908212560386474,8.212560386473431,0.0,11.11111111111111,1.2077294685990339,0.0,0.0,0.0,18.115942028985508,0.24154589371980675,0.4830917874396135,0.24154589371980675,6.280193236714976,0.0,0.24154589371980675,0.0,0.24154589371980675
Op. 27 i,0.0,3.3333333333333335,0.0,0.0,0.0,0.0,3.3333333333333335,15.555555555555555,2.2222222222222223,7.777777777777778,2.2222222222222223,6.666666666666667,5.555555555555555,10.0,0.0,1.1111111111111112,0.0,11.11111111111111,3.3333333333333335,1.1111111111111112,3.3333333333333335,10.0,4.444444444444445,2.2222222222222223,3.3333333333333335,3.3333333333333335
Op. 27 ii,0.0,9.375,3.125,0.0,10.9375,0.0,0.0,12.5,3.125,3.125,3.125,3.125,3.125,3.125,6.25,3.125,3.125,3.125,0.0,3.125,0.0,4.6875,9.375,6.25,0.0,6.25
Op. 27 iii,0.0,3.361344537815126,0.8403361344537815,2.5210084033613445,1.680672268907563,3.361344537815126,0.0,7.563025210084033,10.084033613445378,9.243697478991598,10.92436974789916,1.680672268907563,8.403361344537815,4.201680672268908,0.8403361344537815,0.0,5.88235294117647,8.403361344537815,1.680672268907563,0.0,1.680672268907563,5.88235294117647,5.042016806722689,3.361344537815126,0.0,3.361344537815126
Op. 28 i,0.0,0.0,0.0,0.0,0.0,0.0,0.0,0.0,24.358974358974358,5.128205128205128,12.82051282051282,0.0,29.48717948717949,0.0,1.282051282051282,0.0,0.0,11.538461538461538,0.0,0.0,0.0,15.384615384615385,0.0,0.0,0.0,0.0
Op. 28 ii,0.0,0.0,0.0,0.0,0.0,0.0,0.0,0.0,34.862385321100916,5.5045871559633035,9.174311926605505,0.0,34.862385321100916,0.0,0.0,0.0,0.0,6.422018348623854,0.0,0.0,0.0,9.174311926605505,0.0,0.0,0.0,0.0
Op. 28 iii,0.0,18.6046511627907,0.0,10.852713178294573,0.0,0.0,0.0,0.0,29.457364341085274,0.0,4.651162790697675,0.0,31.007751937984494,0.0,0.0,0.0,0.0,1.550387596899225,0.0,0.7751937984496124,0.0,3.10077519379845,0.0,0.0,0.0,0.0
Op. 29 i,0.0,0.0,0.0,0.0,0.0,0.0,0.0,0.0,13.253012048192772,36.144578313253014,0.0,0.0,13.253012048192772,0.0,0.0,0.0,0.0,34.93975903614458,0.0,0.0,0.0,0.0,0.0,0.0,2.4096385542168677,0.0
Op. 29 ii,0.0,1.0526315789473684,0.0,0.0,0.0,0.0,0.0,2.1052631578947367,26.31578947368421,24.210526315789473,0.0,0.0,25.263157894736842,0.0,0.0,0.0,0.0,21.052631578947366,0.0,0.0,0.0,0.0,0.0,0.0,0.0,0.0
Op. 29 iii,0.0,7.450980392156863,0.0,3.9215686274509802,1.9607843137254901,0.0,0.0,0.39215686274509803,16.470588235294116,25.49019607843137,0.0,0.0,16.470588235294116,0.39215686274509803,1.1764705882352942,0.0,0.0,25.098039215686274,0.7843137254901961,0.39215686274509803,0.0,0.0,0.0,0.0,0.0,0.0
Op. 3 i,0.0,6.870229007633588,4.580152671755725,3.0534351145038165,1.5267175572519083,2.2900763358778624,0.7633587786259541,18.3206106870229,6.870229007633588,8.396946564885496,6.870229007633588,3.816793893129771,3.0534351145038165,1.5267175572519083,7.633587786259542,3.0534351145038165,0.7633587786259541,6.870229007633588,0.0,3.816793893129771,0.7633587786259541,1.5267175572519083,2.2900763358778624,0.0,0.0,5.343511450381679
Op. 3 ii,0.0,3.755868544600939,2.8169014084507045,1.4084507042253522,1.8779342723004695,2.8169014084507045,0.9389671361502347,12.676056338028168,6.572769953051644,0.9389671361502347,6.103286384976526,7.981220657276995,1.8779342723004695,3.286384976525822,1.4084507042253522,6.103286384976526,3.755868544600939,1.4084507042253522,7.511737089201878,0.9389671361502347,3.755868544600939,2.3474178403755865,4.225352112676056,1.8779342723004695,0.4694835680751174,13.145539906103288
Op. 3 iii,0.0,14.285714285714285,12.244897959183673,2.0408163265306123,3.4013605442176873,1.3605442176870748,0.0,12.244897959183673,4.081632653061225,6.122448979591836,5.442176870748299,6.122448979591836,2.7210884353741496,2.0408163265306123,2.7210884353741496,2.0408163265306123,1.3605442176870748,2.0408163265306123,0.6802721088435374,0.6802721088435374,2.7210884353741496,3.4013605442176873,6.802721088435375,0.0,1.3605442176870748,4.081632653061225
Op. 3 iv,0.0,7.9787234042553195,5.851063829787234,3.1914893617021276,2.6595744680851063,2.127659574468085,1.5957446808510638,10.106382978723403,3.1914893617021276,4.25531914893617,8.51063829787234,4.25531914893617,5.851063829787234,2.127659574468085,2.6595744680851063,4.787234042553192,0.5319148936170213,4.787234042553192,2.127659574468085,4.787234042553192,5.851063829787234,5.851063829787234,2.127659574468085,1.0638297872340425,1.5957446808510638,2.127659574468085
Op. 3 v,1.6877637130801686,19.831223628691983,1.2658227848101267,0.0,3.375527426160337,0.8438818565400843,0.8438818565400843,8.860759493670885,4.219409282700422,5.485232067510549,7.172995780590717,6.329113924050633,3.79746835443038,1.2658227848101267,0.8438818565400843,4.219409282700422,0.42194092827004215,5.9071729957805905,2.109704641350211,2.9535864978902953,0.42194092827004215,8.016877637130802,2.5316455696202533,1.2658227848101267,2.109704641350211,4.219409282700422
Op. 30,10.152284263959391,0.5076142131979695,0.0,0.0,0.0,0.0,0.0,0.5076142131979695,13.19796954314721,32.48730964467005,0.0,0.0,14.213197969543149,0.0,0.0,0.0,0.0,27.918781725888326,0.0,0.0,0.0,0.5076142131979695,0.0,0.0,0.0,0.5076142131979695
Op. 31 i,0.0,0.0,0.0,0.0,2.4691358024691357,0.0,0.0,11.11111111111111,0.0,27.160493827160494,8.641975308641975,4.938271604938271,0.0,1.2345679012345678,0.0,0.0,0.0,25.925925925925924,0.0,0.0,0.0,12.345679012345679,0.0,0.0,6.172839506172839,0.0
Op. 31 ii,0.0,0.0,0.0,0.0,0.0,0.0,0.0,14.705882352941178,0.0,18.627450980392158,8.823529411764707,0.0,1.9607843137254901,0.0,0.0,0.9803921568627451,0.0,28.431372549019606,0.0,0.0,0.9803921568627451,14.705882352941178,0.0,1.9607843137254901,8.823529411764707,0.0
Op. 31 iii,0.0,0.0,0.0,0.2597402597402597,0.2597402597402597,0.0,0.0,15.064935064935064,0.0,19.22077922077922,14.805194805194805,0.2597402597402597,0.0,0.0,0.0,0.5194805194805194,0.0,21.558441558441558,0.0,0.2597402597402597,0.5194805194805194,13.506493506493506,0.0,0.2597402597402597,13.246753246753245,0.2597402597402597
Op. 31 iv,0.0,7.4074074074074066,0.0,0.0,0.0,0.0,0.0,14.814814814814813,0.0,18.51851851851852,22.22222222222222,0.0,0.0,0.0,0.0,0.0,0.0,14.814814814814813,0.0,0.0,0.0,14.814814814814813,0.0,0.0,7.4074074074074066,0.0
Op. 31 v,0.0,3.308823529411765,0.0,0.3676470588235294,3.308823529411765,0.0,0.0,10.294117647058822,0.0,25.36764705882353,8.088235294117647,0.3676470588235294,0.3676470588235294,0.0,0.0,0.0,0.0,26.838235294117645,0.0,0.0,0.7352941176470588,13.970588235294118,0.0,1.1029411764705883,5.88235294117647,0.0
Op. 31 vi,0.0,0.4975124378109453,0.4975124378109453,0.0,4.975124378109453,0.0,0.0,6.965174129353234,0.9950248756218906,20.8955223880597,16.91542288557214,0.0,1.4925373134328357,0.4975124378109453,0.0,0.0,0.0,23.88059701492537,0.0,0.0,0.0,16.417910447761194,0.0,0.0,5.970149253731343,0.0
Op. 4 i,3.203661327231121,21.96796338672769,4.3478260869565215,3.203661327231121,2.2883295194508007,3.4324942791762014,1.1441647597254003,5.263157894736842,3.4324942791762014,5.034324942791762,5.949656750572083,4.3478260869565215,2.059496567505721,1.3729977116704806,1.3729977116704806,4.3478260869565215,2.517162471395881,5.034324942791762,1.1441647597254003,1.8306636155606408,2.059496567505721,5.034324942791762,3.6613272311212817,1.6018306636155606,0.2288329519450801,4.118993135011442
Op. 4 ii,0.0,26.4026402640264,3.3003300330033,0.9900990099009901,1.9801980198019802,1.3201320132013201,0.33003300330033003,19.801980198019802,3.9603960396039604,3.3003300330033,3.6303630363036308,4.9504950495049505,4.29042904290429,1.9801980198019802,0.33003300330033003,2.9702970297029703,0.9900990099009901,1.65016501650165,2.31023102310231,2.31023102310231,0.9900990099009901,2.31023102310231,3.3003300330033,0.33003300330033003,0.0,6.270627062706271
Op. 4 iii,0.0,10.894941634241246,8.949416342412452,0.0,1.556420233463035,0.7782101167315175,0.38910505836575876,10.116731517509727,3.8910505836575875,3.11284046692607,8.949416342412452,5.447470817120623,3.8910505836575875,2.7237354085603114,3.8910505836575875,5.058365758754864,2.3346303501945527,1.9455252918287937,1.9455252918287937,1.556420233463035,3.11284046692607,6.614785992217899,3.501945525291829,1.9455252918287937,1.1673151750972763,6.22568093385214
Op. 4 iv,0.0,10.0,2.5,5.0,2.5,0.0,2.5,15.0,10.0,10.0,2.5,5.0,5.0,0.0,5.0,2.5,0.0,2.5,0.0,0.0,0.0,5.0,7.5,0.0,2.5,5.0
Op. 4 v,5.445544554455446,27.22772277227723,11.881188118811881,2.4752475247524752,1.4851485148514851,0.0,0.0,19.801980198019802,3.4653465346534658,3.4653465346534658,0.9900990099009901,0.9900990099009901,2.9702970297029703,5.9405940594059405,0.49504950495049505,1.9801980198019802,0.0,1.9801980198019802,0.49504950495049505,0.9900990099009901,0.9900990099009901,2.4752475247524752,0.49504950495049505,0.9900990099009901,0.9900990099009901,1.9801980198019802
Op. 5 i,8.85057471264368,15.057471264367816,3.67816091954023,5.977011494252873,8.39080459770115,4.942528735632184,0.6896551724137931,4.827586206896552,5.172413793103448,4.482758620689655,2.0689655172413794,2.7586206896551726,3.4482758620689653,2.528735632183908,0.45977011494252873,1.3793103448275863,1.264367816091954,8.735632183908045,1.4942528735632183,1.264367816091954,1.4942528735632183,3.793103448275862,3.4482758620689653,1.4942528735632183,0.22988505747126436,2.0689655172413794
Op. 5 ii,0.0,6.896551724137931,20.689655172413794,3.4482758620689653,1.7241379310344827,1.7241379310344827,0.0,10.344827586206897,5.172413793103448,6.896551724137931,5.172413793103448,3.4482758620689653,3.4482758620689653,0.0,0.0,3.4482758620689653,0.0,3.4482758620689653,3.4482758620689653,1.7241379310344827,1.7241379310344827,5.172413793103448,5.172413793103448,1.7241379310344827,0.0,5.172413793103448
Op. 5 iii,7.051282051282051,5.128205128205128,0.641025641025641,0.3205128205128205,0.9615384615384616,0.0,0.3205128205128205,5.128205128205128,2.2435897435897436,2.564102564102564,3.8461538461538463,0.3205128205128205,14.102564102564102,0.9615384615384616,0.0,2.8846153846153846,0.0,23.076923076923077,0.3205128205128205,0.3205128205128205,0.641025641025641,8.012820512820513,16.666666666666664,0.641025641025641,0.9615384615384616,2.8846153846153846
Op. 5 iv,0.0,4.166666666666666,0.0,1.3888888888888888,1.3888888888888888,1.3888888888888888,0.0,6.944444444444445,0.0,1.3888888888888888,12.5,11.11111111111111,0.0,0.0,0.0,0.0,9.722222222222223,4.166666666666666,0.0,4.166666666666666,1.3888888888888888,0.0,8.333333333333332,4.166666666666666,25.0,2.7777777777777777
Op. 5 v,15.476190476190476,2.976190476190476,7.738095238095238,11.30952380952381,7.142857142857142,2.976190476190476,2.380952380952381,1.7857142857142856,0.5952380952380952,9.523809523809524,3.571428571428571,1.1904761904761905,0.0,1.7857142857142856,3.571428571428571,1.7857142857142856,1.1904761904761905,1.1904761904761905,1.7857142857142856,1.7857142857142856,1.7857142857142856,3.571428571428571,4.761904761904762,5.952380952380952,1.7857142857142856,2.380952380952381
Op. 6 i,0.3448275862068966,14.482758620689657,4.137931034482759,4.827586206896552,5.172413793103448,0.6896551724137931,1.7241379310344827,7.241379310344828,5.862068965517241,7.241379310344828,1.7241379310344827,1.7241379310344827,6.896551724137931,12.068965517241379,0.3448275862068966,1.7241379310344827,0.6896551724137931,10.0,1.0344827586206897,1.7241379310344827,0.3448275862068966,7.586206896551724,1.3793103448275863,0.0,1.0344827586206897,0.0
Op. 6 ii,20.436507936507937,25.992063492063494,17.063492063492063,3.968253968253968,4.365079365079365,1.5873015873015872,1.3888888888888888,7.5396825396825395,2.1825396825396823,1.984126984126984,1.3888888888888888,0.992063492063492,1.7857142857142856,0.3968253968253968,0.1984126984126984,0.1984126984126984,0.0,1.5873015873015872,0.7936507936507936,0.7936507936507936,0.0,1.7857142857142856,1.1904761904761905,0.7936507936507936,0.1984126984126984,1.3888888888888888
Op. 6 iii,35.0,1.6666666666666667,1.6666666666666667,6.666666666666667,3.3333333333333335,3.3333333333333335,1.6666666666666667,1.6666666666666667,1.6666666666666667,5.0,5.0,3.3333333333333335,3.3333333333333335,6.666666666666667,1.6666666666666667,5.0,3.3333333333333335,0.0,6.666666666666667,1.6666666666666667,0.0,1.6666666666666667,0.0,0.0,0.0,0.0
Op. 6 iv,29.145728643216078,24.623115577889447,2.512562814070352,1.0050251256281406,0.0,0.0,0.5025125628140703,14.572864321608039,8.542713567839195,4.0201005025125625,1.507537688442211,0.5025125628140703,2.0100502512562812,1.507537688442211,1.0050251256281406,1.0050251256281406,0.0,2.512562814070352,0.5025125628140703,0.0,1.0050251256281406,1.0050251256281406,1.0050251256281406,0.0,0.0,1.507537688442211
Op. 6 v,7.82122905027933,8.379888268156424,21.22905027932961,19.553072625698324,1.675977653631285,17.318435754189945,0.5586592178770949,5.027932960893855,2.2346368715083798,5.027932960893855,1.1173184357541899,0.5586592178770949,0.5586592178770949,0.0,0.0,1.1173184357541899,0.0,1.675977653631285,0.0,0.0,0.5586592178770949,1.675977653631285,2.2346368715083798,0.5586592178770949,0.5586592178770949,0.5586592178770949
Op. 6 vi,0.0,44.927536231884055,26.811594202898554,0.0,0.0,0.0,0.0,7.971014492753622,0.0,2.1739130434782608,2.1739130434782608,0.7246376811594203,0.0,1.4492753623188406,0.7246376811594203,0.0,0.7246376811594203,8.695652173913043,0.0,0.0,0.7246376811594203,0.7246376811594203,0.7246376811594203,1.4492753623188406,0.0,0.0
Op. 7 i,0.0,7.5,55.00000000000001,2.5,0.0,0.0,0.0,10.0,0.0,0.0,2.5,0.0,2.5,2.5,5.0,0.0,0.0,5.0,2.5,0.0,5.0,0.0,0.0,0.0,0.0,0.0
Op. 7 ii,21.881390593047033,12.065439672801636,5.521472392638037,4.703476482617587,6.134969325153374,0.81799591002045,1.0224948875255624,5.930470347648262,4.294478527607362,4.4989775051124745,2.044989775051125,3.476482617586912,2.4539877300613497,1.6359918200409,1.8404907975460123,1.8404907975460123,1.0224948875255624,3.067484662576687,2.2494887525562373,1.6359918200409,2.044989775051125,2.8629856850715747,2.4539877300613497,1.0224948875255624,0.408997955010225,3.067484662576687
Op. 7 iii,0.0,19.35483870967742,0.0,0.0,0.0,0.0,0.0,3.225806451612903,0.0,3.225806451612903,3.225806451612903,12.903225806451612,3.225806451612903,0.0,3.225806451612903,0.0,0.0,3.225806451612903,3.225806451612903,0.0,6.451612903225806,9.67741935483871,3.225806451612903,6.451612903225806,0.0,19.35483870967742
Op. 7 iv,8.421052631578947,15.789473684210526,10.526315789473683,1.0526315789473684,3.1578947368421053,2.1052631578947367,1.0526315789473684,5.263157894736842,3.1578947368421053,2.1052631578947367,3.1578947368421053,3.1578947368421053,2.1052631578947367,2.1052631578947367,3.1578947368421053,3.1578947368421053,0.0,4.2105263157894735,2.1052631578947367,2.1052631578947367,1.0526315789473684,11.578947368421053,1.0526315789473684,0.0,2.1052631578947367,6.315789473684211
Op. 8 i,11.363636363636363,6.0606060606060606,3.787878787878788,6.0606060606060606,3.787878787878788,0.7575757575757576,0.7575757575757576,13.636363636363635,4.545454545454546,5.303030303030303,3.787878787878788,4.545454545454546,4.545454545454546,5.303030303030303,2.272727272727273,3.0303030303030303,0.0,3.0303030303030303,0.0,1.5151515151515151,0.0,4.545454545454546,3.787878787878788,0.7575757575757576,0.0,6.8181818181818175
Op. 8 ii,4.545454545454546,3.4090909090909087,4.545454545454546,2.272727272727273,0.0,1.1363636363636365,1.1363636363636365,14.772727272727273,3.4090909090909087,6.8181818181818175,6.8181818181818175,6.8181818181818175,11.363636363636363,3.4090909090909087,0.0,3.4090909090909087,1.1363636363636365,3.4090909090909087,0.0,2.272727272727273,2.272727272727273,4.545454545454546,5.681818181818182,1.1363636363636365,0.0,5.681818181818182
Op. 9 i,12.0,4.0,32.0,4.0,0.0,0.0,0.0,4.0,8.0,0.0,4.0,4.0,8.0,4.0,0.0,4.0,0.0,0.0,0.0,0.0,0.0,0.0,4.0,4.0,4.0,0.0
Op. 9 ii,12.903225806451612,11.29032258064516,9.67741935483871,6.451612903225806,8.064516129032258,6.451612903225806,4.838709677419355,4.838709677419355,3.225806451612903,1.6129032258064515,6.451612903225806,1.6129032258064515,3.225806451612903,0.0,0.0,3.225806451612903,1.6129032258064515,3.225806451612903,0.0,0.0,0.0,4.838709677419355,0.0,3.225806451612903,1.6129032258064515,1.6129032258064515
Op. 9 iii,11.864406779661017,6.779661016949152,16.94915254237288,5.084745762711865,1.694915254237288,3.389830508474576,16.94915254237288,3.389830508474576,1.694915254237288,3.389830508474576,5.084745762711865,5.084745762711865,3.389830508474576,0.0,3.389830508474576,1.694915254237288,1.694915254237288,1.694915254237288,1.694915254237288,0.0,1.694915254237288,0.0,1.694915254237288,0.0,0.0,1.694915254237288
Op. 9 iv,61.19402985074627,16.417910447761194,0.0,0.0,1.4925373134328357,0.0,7.462686567164178,0.0,1.4925373134328357,2.9850746268656714,2.9850746268656714,1.4925373134328357,0.0,0.0,0.0,0.0,0.0,1.4925373134328357,0.0,0.0,0.0,1.4925373134328357,0.0,0.0,0.0,1.4925373134328357
Op. 9 v,50.0,0.0,0.0,0.0,0.0,0.0,0.0,0.0,50.0,0.0,0.0,0.0,0.0,0.0,0.0,0.0,0.0,0.0,0.0,0.0,0.0,0.0,0.0,0.0,0.0,0.0
Op. 9 vi,0.0,0.0,5.555555555555555,0.0,5.555555555555555,0.0,0.0,0.0,0.0,11.11111111111111,11.11111111111111,5.555555555555555,0.0,0.0,5.555555555555555,5.555555555555555,5.555555555555555,11.11111111111111,0.0,11.11111111111111,5.555555555555555,0.0,0.0,5.555555555555555,0.0,11.11111111111111
